32 32
8
31 30 30 30 29 30 28 30 27 30 26 30 25 30 24 30 23 30 22 30 22 29 22 28 22 27 22 26 22 25 22 24 22 23 22 22 22 21 
29 5 28 5 27 5 26 5 25 5 24 5 23 5 22 5 22 6 22 7 22 8 22 9 22 10 22 11 22 12 
16 9 17 9 17 10 17 11 17 12 17 13 17 14 17 15 17 16 17 17 17 18 17 19 17 20 17 21 17 22 17 23 18 23 19 23 20 23 21 23 22 23 23 23 24 23 25 23 26 23 27 23 28 23 29 23 30 23 
12 29 13 29 14 29 15 29 15 28 15 27 15 26 
31 7 30 7 29 7 28 7 27 7 26 7 25 7 24 7 23 7 23 8 23 9 23 10 23 11 23 12 23 13 23 14 23 15 
18 15 17 15 16 15 15 15 14 15 13 15 12 15 11 15 10 15 9 15 8 15 7 15 6 15 5 15 4 15 3 15 3 16 3 17 3 18 3 19 3 20 3 21 3 22 3 23 3 24 3 25 3 26 3 27 3 28 3 29 3 30 
22 29 23 29 24 29 25 29 26 29 27 29 28 29 29 29 30 29 30 28 30 27 30 26 30 25 30 24 30 23 30 22 30 21 
10 23 11 23 11 24 11 25 11 26 12 26 13 26 
